a1=[1 -0.8];
b1=1;
a2=[1 0.8];
b2=1;